128	1	0.000130815
128	2	0.000080500
128	4	0.000069150
128	8	0.000069461
128	16	0.000069430
128	32	0.000068779
128	64	0.000065383
128	128	0.000065113
Best block size for 128 is 128

256	1	0.000211436
256	2	0.000121388
256	4	0.000096350
256	8	0.000066164
256	16	0.000067306
256	32	0.000065813
256	64	0.000066174
256	128	0.000065793
Best block size for 256 is 128

512	1	0.000388638
512	2	0.000216797
512	4	0.000155431
512	8	0.000098745
512	16	0.000112831
512	32	0.000112772
512	64	0.000112150
512	128	0.000112261
Best block size for 512 is 8

1024	1	0.000746299
1024	2	0.000402525
1024	4	0.000272131
1024	8	0.000163497
1024	16	0.000179537
1024	32	0.000143950
1024	64	0.000132929
1024	128	0.000134142
Best block size for 1024 is 64

2048	1	0.001436674
2048	2	0.000778479
2048	4	0.000519234
2048	8	0.139973969
2048	16	0.000378049
2048	32	0.039986726
2048	64	0.039992888
2048	128	0.000261410
Best block size for 2048 is 128

4096	1	0.002923561
4096	2	0.001631749
4096	4	0.001208996
4096	8	0.000937107
4096	16	0.001136301
4096	32	0.060020028
4096	64	0.000976701
4096	128	0.000922680
Best block size for 4096 is 128

8192	1	0.006853558
8192	2	0.005578198
8192	4	0.005155194
8192	8	0.060174779
8192	16	0.050173260
8192	32	0.004046025
8192	64	0.004297867
8192	128	0.030100610
Best block size for 8192 is 32

16384	1	0.015911380
16384	2	0.015705183
16384	4	0.016028409
16384	8	0.013889920
16384	16	0.013498680
16384	32	0.015782021
16384	64	0.018908113
16384	128	0.031317030
Best block size for 16384 is 16

32768	1	0.071245264
32768	2	0.069007429
32768	4	0.260756617
32768	8	0.059150878
32768	16	0.134785732
32768	32	0.079400114
slurmstepd: error: *** JOB 38347633 ON eu-a2p-360 CANCELLED AT 2023-12-01T13:38:13 DUE TO TIME LIMIT ***
