64 0.000004068
128 0.000014497
256 0.000063028
512 0.000263582
1024 0.000926790
2048 0.004017189
4096 0.015501685
8192 0.060626585
16384 0.234356407
32768 0.582871180
64 0.000001633
128 0.000006502
256 0.000028413
512 0.000119543
1024 0.000514320
2048 0.002594483
4096 0.009350223
8192 0.034421200
16384 0.139102958
32768 0.543450298
64 0.000001593
128 0.000006522
256 0.000028604
512 0.000119694
1024 0.000500284
2048 0.002544048
4096 0.009281034
8192 0.034479268
16384 0.135336307
32768 0.540600087
64 0.000001583
128 0.000006492
256 0.000028393
512 0.000119824
1024 0.000512667
2048 0.003553153
4096 0.009392943
8192 0.034453660
16384 0.146757846
32768 0.543746499
64 0.000001553
128 0.000006492
256 0.000028423
512 0.000120195
1024 0.000498340
2048 0.002726890
4096 0.009282015
8192 0.034539220
16384 0.135459287
32768 0.557240468
64 0.000001573
128 0.000006482
256 0.000028413
512 0.000119883
1024 0.000497248
2048 0.002574285
4096 0.009555015
8192 0.034614340
16384 0.135584290
32768 0.537851807
64 0.000001933
128 0.000006503
256 0.000028353
512 0.000119874
1024 0.000502929
2048 0.002548147
4096 0.009300110
8192 0.034546745
16384 0.135446021
32768 0.540375597
64 0.000001543
128 0.000006502
256 0.000028373
512 0.000119834
1024 0.000497789
2048 0.002519663
4096 0.009412700
8192 0.034273925
16384 0.134820694
32768 0.539657286
64 0.000001583
128 0.000006522
256 0.000045345
512 0.000120295
1024 0.000510483
2048 0.002546683
4096 0.009314296
8192 0.034385563
16384 0.135300459
32768 0.535775940
64 0.000001563
128 0.000006502
256 0.000028363
512 0.000120135
1024 0.000510333
2048 0.002529501
4096 0.009286714
8192 0.034421861
16384 0.135871856
32768 0.534673433
